Accuracy : 0.9315
 Precision: 0.754519017422
 Recall :0.997593576019
 Specificity : 0.913965409723